51007_sessie1_taskrobotEngagement.png, (0.648, 0.571), (0.818, 0.762), (0.301, 0.571), (0.602, 1.0), (0.028, 0.56), (0.226, 0.774), ['Tablet', 'Robot'] 
51009_sessie1_taskrobotEngagement.png, (0.686, 0.571), (0.883, 0.762), (0.376, 0.464), (0.686, 0.893), (0.028, 0.464), (0.291, 0.774), ['Tablet', 'Table'] 
51010_sessie1_taskrobotEngagement.png, (0.602, 0.571), (0.771, 0.762), (0.282, 0.571), (0.583, 1.0), (0.047, 0.571), (0.244, 0.786), ['Tablet', 'Robot', 'Table'] 
51007_sessie2_taskrobotEngagement.png, (0.686, 0.571), (0.855, 0.762), (0.385, 0.571), (0.686, 1.0), (0.122, 0.571), (0.32, 0.786), ['Tablet', 'Robot', 'Table'] 
51007_sessie3_taskrobotEngagement.png, (0.648, 0.571), (0.818, 0.762), (0.338, 0.571), (0.639, 1.0), (0.122, 0.571), (0.32, 0.786), ['Tablet', 'Robot', 'Table'] 
51009_sessie2_taskrobotEngagement.png, (0.15, 0.571), (0.32, 0.762), (0.338, 0.571), (0.639, 1.0), (0.733, 0.524), (0.94, 0.786), ['Tablet', 'Robot'] 
51009_sessie3_taskrobotEngagement.png, (0.602, 0.571), (0.808, 0.762), (0.282, 0.571), (0.583, 1.0), (0.028, 0.571), (0.254, 0.786), ['Tablet', 'Robot', 'Table'] 
51010_sessie2_taskrobotEngagement.png, (0.15, 0.571), (0.32, 0.762), (0.376, 0.571), (0.677, 1.0), (0.733, 0.524), (0.94, 0.786), ['Tablet', 'Robot'] 
51010_sessie3_taskrobotEngagement.png, (0.639, 0.571), (0.846, 0.762), (0.31, 0.571), (0.611, 1.0), (0.056, 0.571), (0.273, 0.786), ['Tablet', 'Robot', 'Table'] 
51011_sessie3_robotEngagement3.png, (0.677, 0.571), (0.94, 0.762), (0.338, 0.571), (0.648, 1.0), (0.113, 0.571), (0.329, 0.786), ['Tablet', 'Robot', 'Table'] 
51011_sessie3_taskEngagement1.png, (0.677, 0.571), (0.94, 0.762), (0.338, 0.571), (0.648, 1.0), (0.113, 0.571), (0.329, 0.786), ['Tablet', 'Robot', 'Table'] 
51011_sessie3_taskrobotEngagement.png, (0.677, 0.571), (0.94, 0.762), (0.338, 0.571), (0.648, 1.0), (0.113, 0.571), (0.329, 0.786), ['Tablet', 'Robot', 'Table'] 
51013_sessie1_taskrobotEngagement.png, (0.686, 0.571), (0.893, 0.762), (0.47, 0.571), (0.686, 1.0), (0.197, 0.5), (0.489, 0.786), ['Tablet', 'Robot'] 
51013_sessie2_taskrobotEngagement.png, (0.545, 0.571), (0.714, 0.762), (0.301, 0.571), (0.545, 1.0), (0.113, 0.571), (0.291, 0.786), ['Tablet', 'Robot', 'Table'] 
51013_sessie3_taskrobotEngagement.png, (0.677, 0.571), (0.883, 0.762), (0.357, 0.571), (0.677, 1.0), (0.047, 0.44), (0.357, 0.786), ['Tablet', 'Robot'] 
51014_sessie1_taskrobotEngagement.png, (0.188, 0.571), (0.357, 0.762), (0.376, 0.571), (0.677, 1.0), (0.681, 0.56), (0.879, 0.821), ['Tablet', 'Robot'] 
51014_sessie2_taskrobotEngagement.png, (0.207, 0.571), (0.395, 0.762), (0.404, 0.47), (0.799, 1.0), (0.799, 0.571), (1.0, 0.833), ['Tablet', 'Table'] 
51014_sessie3_taskrobotEngagement.png, (0.207, 0.571), (0.395, 0.762), (0.404, 0.47), (0.799, 1.0), (0.799, 0.571), (1.0, 0.833), ['Tablet', 'Table'] 
51015_sessie1_taskrobotEngagement.png, (0.207, 0.571), (0.395, 0.762), (0.404, 0.571), (0.714, 1.0), (0.724, 0.571), (0.93, 0.786), ['Tablet', 'Robot', 'Table'] 
51015_sessie2_taskrobotEngagement.png, (0.226, 0.571), (0.432, 0.762), (0.442, 0.571), (0.733, 1.0), (0.742, 0.571), (0.94, 0.786), ['Tablet', 'Robot', 'Table'] 
51015_sessie3_taskrobotEngagement.png, (0.263, 0.571), (0.432, 0.762), (0.442, 0.571), (0.742, 1.0), (0.742, 0.571), (0.94, 0.786), ['Tablet', 'Robot', 'Table'] 
51016_sessie1_taskrobotEngagement.png, (0.263, 0.571), (0.432, 0.762), (0.442, 0.571), (0.714, 1.0), (0.724, 0.571), (0.921, 0.786), ['Tablet', 'Robot', 'Table'] 
51016_sessie3_taskEngagement1.png, (0.197, 0.571), (0.423, 0.762), (0.428, 0.488), (0.869, 1.0), (0.733, 0.571), (0.94, 0.786), ['Tablet', 'Table'] 
51016_sessie3_taskrobotEngagement.png, (0.197, 0.571), (0.423, 0.762), (0.428, 0.488), (0.869, 1.0), (0.733, 0.571), (0.94, 0.786), ['Tablet', 'Table'] 
51017_sessie1_taskrobotEngagement.png, (0.132, 0.571), (0.32, 0.762), (0.329, 0.476), (0.705, 1.0), (0.714, 0.56), (0.94, 0.774), ['Tablet'] 
51017_sessie2_taskrobotEngagement.png, (0.263, 0.571), (0.404, 0.762), (0.414, 0.476), (0.827, 1.0), (0.733, 0.571), (0.968, 0.786), ['Tablet', 'Table'] 
51017_sessie3_taskrobotEngagement.png, (0.216, 0.571), (0.432, 0.762), (0.442, 0.524), (0.893, 1.0), (0.733, 0.571), (0.968, 0.786), ['Tablet', 'Table'] 
51019_sessie1_taskrobotEngagement.png, (0.122, 0.571), (0.301, 0.762), (0.31, 0.506), (0.695, 1.0), (0.752, 0.548), (0.949, 0.762), ['Tablet'] 
51019_sessie2_taskrobotEngagement.png, (0.263, 0.571), (0.423, 0.762), (0.404, 0.571), (0.742, 1.0), (0.742, 0.571), (0.94, 0.786), ['Tablet', 'Robot', 'Table'] 
51019_sessie3_taskrobotEngagement.png, (0.188, 0.571), (0.376, 0.762), (0.385, 0.571), (0.686, 1.0), (0.695, 0.571), (0.902, 0.786), ['Tablet', 'Robot', 'Table'] 
51020_sessie1_taskrobotEngagement.png, (0.141, 0.571), (0.329, 0.762), (0.31, 0.482), (0.705, 1.0), (0.752, 0.536), (0.968, 0.75), ['Tablet'] 
51020_sessie2_taskrobotEngagement.png, (0.235, 0.571), (0.451, 0.762), (0.508, 0.405), (0.93, 1.0), (0.752, 0.571), (0.949, 0.786), ['Tablet', 'Table'] 
51020_sessie3_taskrobotEngagement.png, (0.235, 0.571), (0.451, 0.762), (0.508, 0.506), (0.93, 1.0), (0.752, 0.571), (0.949, 0.786), ['Tablet', 'Table'] 
51021_sessie1_taskrobotEngagement.png, (0.235, 0.571), (0.432, 0.762), (0.432, 0.571), (0.686, 1.0), (0.686, 0.571), (0.893, 0.786), ['Tablet', 'Robot', 'Table'] 
51021_sessie2_taskrobotEngagement.png, (0.263, 0.571), (0.498, 0.762), (0.536, 0.405), (0.968, 1.0), (0.78, 0.452), (0.959, 0.714), ['Tablet', 'Table'] 
51021_sessie3_taskrobotEngagement.png, (0.263, 0.571), (0.47, 0.762), (0.498, 0.482), (0.902, 1.0), (0.78, 0.571), (0.959, 0.786), ['Tablet', 'Table'] 
Proefpersoon11009_sessie1.png, (0.714, 0.571), (0.883, 0.762), (0.414, 0.548), (0.714, 1.0), (0.047, 0.506), (0.395, 0.744), ['Tablet'] 
Proefpersoon11009_sessie2.png, (0.602, 0.571), (0.78, 0.762), (0.235, 0.536), (0.592, 1.0), (0.028, 0.393), (0.216, 0.631), ['Tablet'] 
Proefpersoon11009_Sessie3.png, (0.677, 0.571), (0.855, 0.762), (0.414, 0.56), (0.667, 1.0), (0.207, 0.571), (0.395, 0.762), ['Tablet', 'Table'] 
Proefpersoon11012_sessie1.png, (0.677, 0.571), (0.855, 0.762), (0.404, 0.571), (0.677, 1.0), (0.235, 0.571), (0.432, 0.762), ['Tablet', 'Robot', 'Table'] 
Proefpersoon11012_sessie2.png, (0.611, 0.571), (0.827, 0.762), (0.31, 0.571), (0.63, 1.0), (0.122, 0.571), (0.329, 0.762), ['Tablet', 'Robot', 'Table'] 
Proefpersoon11012_Sessie3.png, (0.648, 0.571), (0.855, 0.762), (0.395, 0.571), (0.658, 1.0), (0.207, 0.571), (0.404, 0.762), ['Tablet', 'Robot', 'Table'] 
Proefpersoon11029_Sessie1.png, (0.611, 0.571), (0.799, 0.762), (0.338, 0.571), (0.611, 1.0), (0.141, 0.571), (0.338, 0.762), ['Tablet', 'Robot', 'Table'] 
Proefpersoon11029_sessie2.png, (0.188, 0.571), (0.432, 0.762), (0.432, 0.571), (0.733, 1.0), (0.789, 0.458), (0.977, 0.714), ['Tablet', 'Robot'] 
Proefpersoon11029_sessie3.png, (0.508, 0.571), (0.733, 0.762), (0.677, 0.095), (0.855, 0.583), (0.667, 0.393), (0.912, 0.571), ['Tablet'] 
