51007_sessie1_taskrobotEngagement.png, (0.651, 0.948), (0.851, 1.0), (0.264, 0.948), (0.634, 1.0), (0.0, 0.812), (0.158, 1.0), ['Tablet', 'Robot'] 
51009_sessie1_taskrobotEngagement.png, (0.734, 0.917), (0.939, 1.646), (0.376, 0.812), (0.728, 1.0), (0.0, 0.812), (0.194, 1.0), ['Tablet', 'Table'] 
51010_sessie1_taskrobotEngagement.png, (0.734, 0.917), (0.939, 1.646), (0.282, 0.812), (0.704, 1.0), (0.0, 0.812), (0.194, 1.0), ['Tablet', 'Robot', 'Table'] 
51007_sessie2_taskrobotEngagement.png, (0.734, 0.917), (0.939, 1.646), (0.282, 0.812), (0.704, 1.0), (0.0, 0.812), (0.235, 1.0), ['Tablet', 'Robot', 'Table'] 
51007_sessie3_taskrobotEngagement.png, (0.734, 0.917), (0.939, 1.646), (0.282, 0.812), (0.704, 1.0), (0.0, 0.812), (0.235, 1.0), ['Tablet', 'Robot', 'Table'] 
51009_sessie2_taskrobotEngagement.png, (0.0, 0.812), (0.235, 1.0), (0.282, 0.812), (0.704, 1.0), (0.839, 0.917), (1.0, 1.0), ['Tablet', 'Robot'] 
51009_sessie3_taskrobotEngagement.png, (0.775, 0.917), (1.0, 1.0), (0.282, 0.812), (0.704, 1.0), (0.0, 0.812), (0.235, 1.0), ['Tablet', 'Robot', 'Table'] 
51010_sessie2_taskrobotEngagement.png, (0.0, 0.812), (0.235, 1.0), (0.282, 0.812), (0.704, 1.0), (0.775, 0.917), (1.0, 1.0), ['Tablet', 'Robot']
51010_sessie3_taskrobotEngagement.png, (0.775, 0.917), (1.0, 1.0), (0.282, 0.812), (0.704, 1.0), (0.0, 0.812), (0.235, 1.0), ['Tablet', 'Robot', 'Table'] 
51011_sessie3_robotEngagement3.png, (0.775, 0.917), (1.0, 1.0), (0.282, 0.812), (0.704, 1.0), (0.0, 0.812), (0.235, 1.0), ['Tablet', 'Robot', 'Table'] 
51011_sessie3_taskEngagement1.png, (0.775, 0.917), (1.0, 1.0), (0.282, 0.812), (0.704, 1.0), (0.0, 0.812), (0.235, 1.0), ['Tablet', 'Robot', 'Table'] 
51011_sessie3_taskrobotEngagement.png, (0.775, 0.917), (1.0, 1.0), (0.282, 0.812), (0.704, 1.0), (0.0, 0.812), (0.235, 1.0), ['Tablet', 'Robot', 'Table'] 
51012_sessie1_taskrobotEngagement.png, (0.775, 0.917), (1.0, 1.0), (0.34, 0.812), (0.739, 1.0), (0.0, 0.812), (0.235, 1.0), ['Tablet', 'Table'] 
51012_sessie2_taskrobotEngagement.png, (0.0, 0.812), (0.282, 1.0), (0.34, 0.812), (0.739, 1.0), (0.775, 0.917), (1.0, 1.0), ['Tablet', 'Robot', 'Table'] 
51012_sessie3_taskrobotEngagement.png, (0.775, 0.917), (1.0, 1.0), (0.34, 0.812), (0.739, 1.0), (0.0, 0.812), (0.282, 1.0), ['Tablet', 'Robot'] 
51013_sessie1_taskrobotEngagement.png, (0.775, 0.917), (1.0, 1.0), (0.452, 0.812), (0.739, 1.0), (0.117, 0.812), (0.446, 1.0), ['Tablet', 'Robot'] 
51013_sessie2_taskrobotEngagement.png, (0.117, 0.812), (0.323, 1.0), (0.329, 0.812), (0.681, 1.0), (0.775, 0.917), (1.0, 1.0), ['Tablet', 'Robot', 'Table'] 
51013_sessie3_taskrobotEngagement.png, (0.775, 0.917), (1.0, 1.0), (0.329, 0.812), (0.681, 1.0), (0.0, 0.75), (0.323, 1.0), ['Tablet', 'Robot'] 
51014_sessie1_taskrobotEngagement.png, (0.0, 0.75), (0.323, 1.0), (0.329, 0.812), (0.681, 1.0), (0.775, 0.917), (1.0, 1.0), ['Tablet', 'Robot', 'Table'] 
51014_sessie2_taskrobotEngagement.png, (0.0, 0.75), (0.323, 1.0), (0.434, 0.812), (0.845, 1.0), (0.857, 0.917), (1.0, 1.0), ['Tablet', 'Table'] 
51014_sessie3_taskrobotEngagement.png, (0.0, 0.75), (0.323, 1.0), (0.434, 0.812), (0.845, 1.0), (0.857, 0.917), (1.0, 1.0), ['Tablet', 'Table'] 
Proefpersoon51015_Sessie1.png, (0.0, 0.819), (0.215, 1.0), (0.258, 0.819), (0.602, 1.0), (0.742, 0.819), (1.0, 1.0), ['Tablet', 'Robot', 'Table']  
Proefpersoon51015_Sessie2.png, (0.0, 0.819), (0.215, 1.0), (0.258, 0.819), (0.641, 1.0), (0.719, 0.819), (1.0, 1.0), ['Tablet', 'Robot', 'Table']  
51015_sessie3_taskrobotEngagement.png, (0.0, 0.729), (0.235, 1.0), (0.293, 0.729), (0.728, 1.0), (0.763, 0.729), (1.0, 1.0), ['Tablet', 'Robot', 'Table'] 
51016_sessie1_taskrobotEngagement.png, (0.0, 0.729), (0.235, 1.0), (0.293, 0.729), (0.728, 1.0), (0.763, 0.729), (1.0, 1.0), ['Tablet', 'Robot', 'Table'] 
51016_sessie3_taskEngagement1.png, (0.0, 0.729), (0.293, 1.0), (0.411, 0.729), (0.904, 1.0), (0.91, 0.729), (1.0, 1.0), ['Tablet', 'Table'] 
51016_sessie3_taskrobotEngagement.png, (0.0, 0.729), (0.293, 1.0), (0.411, 0.729), (0.904, 1.0), (0.91, 0.729), (1.0, 1.0), ['Tablet', 'Robot', 'Table']
51017_sessie1_taskrobotEngagement.png, (0.0, 0.729), (0.293, 1.0), (0.323, 0.729), (0.763, 1.0), (0.833, 0.729), (1.0, 1.0), ['Tablet'] 
51017_sessie2_taskrobotEngagement.png, (0.0, 0.729), (0.293, 1.0), (0.411, 0.729), (0.88, 1.0), (0.886, 0.729), (1.0, 1.0), ['Tablet', 'Table'] 
51017_sessie3_taskrobotEngagement.png, (0.0, 0.729), (0.293, 1.0), (0.411, 0.729), (0.88, 1.0), (0.886, 0.729), (1.0, 1.0), ['Tablet', 'Table'] 
51019_sessie1_taskrobotEngagement.png, (0.0, 0.729), (0.293, 1.0), (0.305, 0.729), (0.681, 1.0), (0.822, 0.729), (1.0, 1.0), ['Tablet'] 
51019_sessie2_taskrobotEngagement.png, (0.0, 0.729), (0.293, 1.0), (0.305, 0.729), (0.739, 1.0), (0.786, 0.729), (1.0, 1.0), ['Tablet', 'Robot', 'Table'] 
51019_sessie3_taskrobotEngagement.png, (0.0, 0.729), (0.293, 1.0), (0.305, 0.729), (0.739, 1.0), (0.786, 0.729), (1.0, 1.0), ['Tablet', 'Robot', 'Table'] 
51020_sessie1_taskrobotEngagement.png, (0.0, 0.729), (0.293, 1.0), (0.299, 0.729), (0.704, 1.0), (0.786, 0.729), (1.0, 1.0), ['Tablet'] 
51020_sessie2_taskrobotEngagement.png, (0.0, 0.708), (0.399, 1.0), (0.563, 0.708), (1.0, 1.0), (0.669, 0.708), (1.0, 1.0), ['Tablet', 'Table'] 
51020_sessie3_taskrobotEngagement.png, (0.0, 0.708), (0.399, 1.0), (0.563, 0.708), (1.0, 1.0), (0.669, 0.708), (1.0, 1.0), ['Tablet', 'Table'] 
51021_sessie1_taskrobotEngagement.png, (0.0, 0.708), (0.399, 1.0), (0.563, 0.708), (1.0, 1.0), (0.669, 0.708), (1.0, 1.0), ['Tablet', 'Robot', 'Table'] 
51021_sessie2_taskrobotEngagement.png, (0.0, 0.708), (0.399, 1.0), (0.563, 0.708), (1.0, 1.0), (0.669, 0.708), (1.0, 1.0), ['Tablet', 'Table'] 
51021_sessie3_taskrobotEngagement.png, (0.0, 0.708), (0.399, 1.0), (0.563, 0.708), (1.0, 1.0), (0.669, 0.708), (1.0, 1.0), ['Tablet', 'Table'] 
Proefpersoon11009_sessie1.png, (0.755, 0.741), (1.0, 1.0), (0.432, 0.741), (0.745, 1.0), (0.0, 0.741), (0.297, 1.0), ['Tablet'] 
Proefpersoon11009_sessie2.png, (0.677, 0.741), (1.0, 1.0), (0.182, 0.741), (0.625, 1.0), (0.0, 0.741), (0.156, 1.0), ['Tablet'] 
Proefpersoon11009_Sessie3.png, (0.768, 0.741), (1.0, 1.0), (0.339, 0.741), (0.755, 1.0), (0.0, 0.741), (0.286, 1.0), ['Tablet', 'Robot', 'Table'] 
Proefpersoon11029_Sessie1.png, (0.703, 0.741), (1.0, 1.0), (0.286, 0.741), (0.599, 1.0), (0.0, 0.741), (0.255, 1.0), ['Tablet', 'Robot', 'Table']  
Proefpersoon11029_sessie2.png, (0.0, 0.741), (0.255, 1.0), (0.286, 0.741), (0.651, 1.0), (0.833, 0.741), (1.0, 1.0), ['Tablet', 'Robot'] 
Proefpersoon11029_sessie3.png, (0.469, 0.741), (0.677, 1.0), (0.703, 0.167), (0.953, 1.0), (0.698, 0.704), (1.0, 1.0), ['Tablet'] 
